{
 "cells": [
  {
   "cell_type": "markdown",
   "metadata": {},
   "source": [
    "# Apple Stock"
   ]
  },
  {
   "cell_type": "markdown",
   "metadata": {},
   "source": [
    "### Introduction:\n",
    "\n",
    "We are going to use Apple's stock price.\n",
    "\n",
    "\n",
    "### Step 1. Import the necessary libraries"
   ]
  },
  {
   "cell_type": "code",
   "execution_count": 7,
   "metadata": {
    "collapsed": false
   },
   "outputs": [],
   "source": [
    "import pandas as pd\n",
    "import numpy as np\n",
    "import matplotlib.pyplot as plt\n",
    "import seaborn as sns\n",
    "from datetime import datetime"
   ]
  },
  {
   "cell_type": "markdown",
   "metadata": {},
   "source": [
    "### Step 2. Import the dataset from this [address](https://raw.githubusercontent.com/guipsamora/pandas_exercises/master/09_Time_Series/Apple_Stock/appl_1980_2014.csv)"
   ]
  },
  {
   "cell_type": "code",
   "execution_count": 3,
   "metadata": {},
   "outputs": [],
   "source": [
    "address = 'https://raw.githubusercontent.com/guipsamora/pandas_exercises/master/09_Time_Series/Apple_Stock/appl_1980_2014.csv'"
   ]
  },
  {
   "cell_type": "code",
   "execution_count": 4,
   "metadata": {
    "collapsed": true
   },
   "outputs": [],
   "source": []
  },
  {
   "cell_type": "markdown",
   "metadata": {},
   "source": [
    "### Step 3. Assign it to a variable apple"
   ]
  },
  {
   "cell_type": "code",
   "execution_count": 10,
   "metadata": {
    "collapsed": false
   },
   "outputs": [
    {
     "output_type": "execute_result",
     "data": {
      "text/plain": "         Date   Open   High    Low  Close    Volume  Adj Close\n0  2014-07-08  96.27  96.80  93.92  95.35  65130000      95.35\n1  2014-07-07  94.14  95.99  94.10  95.97  56305400      95.97\n2  2014-07-03  93.67  94.10  93.20  94.03  22891800      94.03\n3  2014-07-02  93.87  94.06  93.09  93.48  28420900      93.48\n4  2014-07-01  93.52  94.07  93.13  93.52  38170200      93.52",
      "text/html": "<div>\n<style scoped>\n    .dataframe tbody tr th:only-of-type {\n        vertical-align: middle;\n    }\n\n    .dataframe tbody tr th {\n        vertical-align: top;\n    }\n\n    .dataframe thead th {\n        text-align: right;\n    }\n</style>\n<table border=\"1\" class=\"dataframe\">\n  <thead>\n    <tr style=\"text-align: right;\">\n      <th></th>\n      <th>Date</th>\n      <th>Open</th>\n      <th>High</th>\n      <th>Low</th>\n      <th>Close</th>\n      <th>Volume</th>\n      <th>Adj Close</th>\n    </tr>\n  </thead>\n  <tbody>\n    <tr>\n      <th>0</th>\n      <td>2014-07-08</td>\n      <td>96.27</td>\n      <td>96.80</td>\n      <td>93.92</td>\n      <td>95.35</td>\n      <td>65130000</td>\n      <td>95.35</td>\n    </tr>\n    <tr>\n      <th>1</th>\n      <td>2014-07-07</td>\n      <td>94.14</td>\n      <td>95.99</td>\n      <td>94.10</td>\n      <td>95.97</td>\n      <td>56305400</td>\n      <td>95.97</td>\n    </tr>\n    <tr>\n      <th>2</th>\n      <td>2014-07-03</td>\n      <td>93.67</td>\n      <td>94.10</td>\n      <td>93.20</td>\n      <td>94.03</td>\n      <td>22891800</td>\n      <td>94.03</td>\n    </tr>\n    <tr>\n      <th>3</th>\n      <td>2014-07-02</td>\n      <td>93.87</td>\n      <td>94.06</td>\n      <td>93.09</td>\n      <td>93.48</td>\n      <td>28420900</td>\n      <td>93.48</td>\n    </tr>\n    <tr>\n      <th>4</th>\n      <td>2014-07-01</td>\n      <td>93.52</td>\n      <td>94.07</td>\n      <td>93.13</td>\n      <td>93.52</td>\n      <td>38170200</td>\n      <td>93.52</td>\n    </tr>\n  </tbody>\n</table>\n</div>"
     },
     "metadata": {},
     "execution_count": 10
    }
   ],
   "source": [
    "apple = pd.read_csv(address)\n",
    "apple.head()"
   ]
  },
  {
   "cell_type": "markdown",
   "metadata": {},
   "source": [
    "### Step 4.  Check out the type of the columns"
   ]
  },
  {
   "cell_type": "code",
   "execution_count": 11,
   "metadata": {
    "collapsed": false
   },
   "outputs": [
    {
     "output_type": "execute_result",
     "data": {
      "text/plain": "Date          object\nOpen         float64\nHigh         float64\nLow          float64\nClose        float64\nVolume         int64\nAdj Close    float64\ndtype: object"
     },
     "metadata": {},
     "execution_count": 11
    }
   ],
   "source": [
    "apple.dtypes"
   ]
  },
  {
   "cell_type": "markdown",
   "metadata": {},
   "source": [
    "### Step 5. Transform the Date column as a datetime type"
   ]
  },
  {
   "cell_type": "code",
   "execution_count": 12,
   "metadata": {
    "collapsed": false
   },
   "outputs": [
    {
     "output_type": "execute_result",
     "data": {
      "text/plain": "        Date   Open   High    Low  Close    Volume  Adj Close\n0 2014-07-08  96.27  96.80  93.92  95.35  65130000      95.35\n1 2014-07-07  94.14  95.99  94.10  95.97  56305400      95.97\n2 2014-07-03  93.67  94.10  93.20  94.03  22891800      94.03\n3 2014-07-02  93.87  94.06  93.09  93.48  28420900      93.48\n4 2014-07-01  93.52  94.07  93.13  93.52  38170200      93.52",
      "text/html": "<div>\n<style scoped>\n    .dataframe tbody tr th:only-of-type {\n        vertical-align: middle;\n    }\n\n    .dataframe tbody tr th {\n        vertical-align: top;\n    }\n\n    .dataframe thead th {\n        text-align: right;\n    }\n</style>\n<table border=\"1\" class=\"dataframe\">\n  <thead>\n    <tr style=\"text-align: right;\">\n      <th></th>\n      <th>Date</th>\n      <th>Open</th>\n      <th>High</th>\n      <th>Low</th>\n      <th>Close</th>\n      <th>Volume</th>\n      <th>Adj Close</th>\n    </tr>\n  </thead>\n  <tbody>\n    <tr>\n      <th>0</th>\n      <td>2014-07-08</td>\n      <td>96.27</td>\n      <td>96.80</td>\n      <td>93.92</td>\n      <td>95.35</td>\n      <td>65130000</td>\n      <td>95.35</td>\n    </tr>\n    <tr>\n      <th>1</th>\n      <td>2014-07-07</td>\n      <td>94.14</td>\n      <td>95.99</td>\n      <td>94.10</td>\n      <td>95.97</td>\n      <td>56305400</td>\n      <td>95.97</td>\n    </tr>\n    <tr>\n      <th>2</th>\n      <td>2014-07-03</td>\n      <td>93.67</td>\n      <td>94.10</td>\n      <td>93.20</td>\n      <td>94.03</td>\n      <td>22891800</td>\n      <td>94.03</td>\n    </tr>\n    <tr>\n      <th>3</th>\n      <td>2014-07-02</td>\n      <td>93.87</td>\n      <td>94.06</td>\n      <td>93.09</td>\n      <td>93.48</td>\n      <td>28420900</td>\n      <td>93.48</td>\n    </tr>\n    <tr>\n      <th>4</th>\n      <td>2014-07-01</td>\n      <td>93.52</td>\n      <td>94.07</td>\n      <td>93.13</td>\n      <td>93.52</td>\n      <td>38170200</td>\n      <td>93.52</td>\n    </tr>\n  </tbody>\n</table>\n</div>"
     },
     "metadata": {},
     "execution_count": 12
    }
   ],
   "source": [
    "apple = pd.read_csv(address, parse_dates=['Date'])\n",
    "apple.head()"
   ]
  },
  {
   "cell_type": "code",
   "execution_count": 13,
   "metadata": {},
   "outputs": [
    {
     "output_type": "execute_result",
     "data": {
      "text/plain": "Date         datetime64[ns]\nOpen                float64\nHigh                float64\nLow                 float64\nClose               float64\nVolume                int64\nAdj Close           float64\ndtype: object"
     },
     "metadata": {},
     "execution_count": 13
    }
   ],
   "source": [
    "apple.dtypes"
   ]
  },
  {
   "cell_type": "code",
   "execution_count": 15,
   "metadata": {},
   "outputs": [],
   "source": [
    "score = {\n",
    "        'first_name': ['Jason', 'Molly', 'Tina', 'Jake', 'Amy'],\n",
    "        'last_name': ['Miller', 'Jacobson', 'Ali', 'Milner', 'Cooze'],\n",
    "        'age': [42, 52, 36, 24, 73],\n",
    "        'female':[0, 1, 1, 0, 1],\n",
    "        'preTestScore':[4, 24, 31, 2, 3,],\n",
    "        'postTestScore':[25, 94, 57, 62, 70]}"
   ]
  },
  {
   "cell_type": "markdown",
   "metadata": {},
   "source": [
    "### Step 6.  Set the date as the index"
   ]
  },
  {
   "cell_type": "code",
   "execution_count": 14,
   "metadata": {
    "collapsed": false
   },
   "outputs": [
    {
     "output_type": "execute_result",
     "data": {
      "text/plain": "             Open   High    Low  Close     Volume  Adj Close\nDate                                                        \n2014-07-08  96.27  96.80  93.92  95.35   65130000      95.35\n2014-07-07  94.14  95.99  94.10  95.97   56305400      95.97\n2014-07-03  93.67  94.10  93.20  94.03   22891800      94.03\n2014-07-02  93.87  94.06  93.09  93.48   28420900      93.48\n2014-07-01  93.52  94.07  93.13  93.52   38170200      93.52\n...           ...    ...    ...    ...        ...        ...\n1980-12-18  26.63  26.75  26.63  26.63   18362400       0.41\n1980-12-17  25.87  26.00  25.87  25.87   21610400       0.40\n1980-12-16  25.37  25.37  25.25  25.25   26432000       0.39\n1980-12-15  27.38  27.38  27.25  27.25   43971200       0.42\n1980-12-12  28.75  28.87  28.75  28.75  117258400       0.45\n\n[8465 rows x 6 columns]",
      "text/html": "<div>\n<style scoped>\n    .dataframe tbody tr th:only-of-type {\n        vertical-align: middle;\n    }\n\n    .dataframe tbody tr th {\n        vertical-align: top;\n    }\n\n    .dataframe thead th {\n        text-align: right;\n    }\n</style>\n<table border=\"1\" class=\"dataframe\">\n  <thead>\n    <tr style=\"text-align: right;\">\n      <th></th>\n      <th>Open</th>\n      <th>High</th>\n      <th>Low</th>\n      <th>Close</th>\n      <th>Volume</th>\n      <th>Adj Close</th>\n    </tr>\n    <tr>\n      <th>Date</th>\n      <th></th>\n      <th></th>\n      <th></th>\n      <th></th>\n      <th></th>\n      <th></th>\n    </tr>\n  </thead>\n  <tbody>\n    <tr>\n      <th>2014-07-08</th>\n      <td>96.27</td>\n      <td>96.80</td>\n      <td>93.92</td>\n      <td>95.35</td>\n      <td>65130000</td>\n      <td>95.35</td>\n    </tr>\n    <tr>\n      <th>2014-07-07</th>\n      <td>94.14</td>\n      <td>95.99</td>\n      <td>94.10</td>\n      <td>95.97</td>\n      <td>56305400</td>\n      <td>95.97</td>\n    </tr>\n    <tr>\n      <th>2014-07-03</th>\n      <td>93.67</td>\n      <td>94.10</td>\n      <td>93.20</td>\n      <td>94.03</td>\n      <td>22891800</td>\n      <td>94.03</td>\n    </tr>\n    <tr>\n      <th>2014-07-02</th>\n      <td>93.87</td>\n      <td>94.06</td>\n      <td>93.09</td>\n      <td>93.48</td>\n      <td>28420900</td>\n      <td>93.48</td>\n    </tr>\n    <tr>\n      <th>2014-07-01</th>\n      <td>93.52</td>\n      <td>94.07</td>\n      <td>93.13</td>\n      <td>93.52</td>\n      <td>38170200</td>\n      <td>93.52</td>\n    </tr>\n    <tr>\n      <th>...</th>\n      <td>...</td>\n      <td>...</td>\n      <td>...</td>\n      <td>...</td>\n      <td>...</td>\n      <td>...</td>\n    </tr>\n    <tr>\n      <th>1980-12-18</th>\n      <td>26.63</td>\n      <td>26.75</td>\n      <td>26.63</td>\n      <td>26.63</td>\n      <td>18362400</td>\n      <td>0.41</td>\n    </tr>\n    <tr>\n      <th>1980-12-17</th>\n      <td>25.87</td>\n      <td>26.00</td>\n      <td>25.87</td>\n      <td>25.87</td>\n      <td>21610400</td>\n      <td>0.40</td>\n    </tr>\n    <tr>\n      <th>1980-12-16</th>\n      <td>25.37</td>\n      <td>25.37</td>\n      <td>25.25</td>\n      <td>25.25</td>\n      <td>26432000</td>\n      <td>0.39</td>\n    </tr>\n    <tr>\n      <th>1980-12-15</th>\n      <td>27.38</td>\n      <td>27.38</td>\n      <td>27.25</td>\n      <td>27.25</td>\n      <td>43971200</td>\n      <td>0.42</td>\n    </tr>\n    <tr>\n      <th>1980-12-12</th>\n      <td>28.75</td>\n      <td>28.87</td>\n      <td>28.75</td>\n      <td>28.75</td>\n      <td>117258400</td>\n      <td>0.45</td>\n    </tr>\n  </tbody>\n</table>\n<p>8465 rows × 6 columns</p>\n</div>"
     },
     "metadata": {},
     "execution_count": 14
    }
   ],
   "source": [
    "apple = apple.set_index('Date')\n",
    "apple"
   ]
  },
  {
   "cell_type": "markdown",
   "metadata": {},
   "source": [
    "### Step 7.  Is there any duplicate dates?"
   ]
  },
  {
   "cell_type": "code",
   "execution_count": 19,
   "metadata": {
    "collapsed": false
   },
   "outputs": [
    {
     "output_type": "execute_result",
     "data": {
      "text/plain": "             Open   High    Low  Close     Volume  Adj Close\nDate                                                        \n1980-12-12  28.75  28.87  28.75  28.75  117258400       0.45\n1980-12-15  27.38  27.38  27.25  27.25   43971200       0.42\n1980-12-16  25.37  25.37  25.25  25.25   26432000       0.39\n1980-12-17  25.87  26.00  25.87  25.87   21610400       0.40\n1980-12-18  26.63  26.75  26.63  26.63   18362400       0.41\n...           ...    ...    ...    ...        ...        ...\n2014-07-01  93.52  94.07  93.13  93.52   38170200      93.52\n2014-07-02  93.87  94.06  93.09  93.48   28420900      93.48\n2014-07-03  93.67  94.10  93.20  94.03   22891800      94.03\n2014-07-07  94.14  95.99  94.10  95.97   56305400      95.97\n2014-07-08  96.27  96.80  93.92  95.35   65130000      95.35\n\n[8465 rows x 6 columns]",
      "text/html": "<div>\n<style scoped>\n    .dataframe tbody tr th:only-of-type {\n        vertical-align: middle;\n    }\n\n    .dataframe tbody tr th {\n        vertical-align: top;\n    }\n\n    .dataframe thead th {\n        text-align: right;\n    }\n</style>\n<table border=\"1\" class=\"dataframe\">\n  <thead>\n    <tr style=\"text-align: right;\">\n      <th></th>\n      <th>Open</th>\n      <th>High</th>\n      <th>Low</th>\n      <th>Close</th>\n      <th>Volume</th>\n      <th>Adj Close</th>\n    </tr>\n    <tr>\n      <th>Date</th>\n      <th></th>\n      <th></th>\n      <th></th>\n      <th></th>\n      <th></th>\n      <th></th>\n    </tr>\n  </thead>\n  <tbody>\n    <tr>\n      <th>1980-12-12</th>\n      <td>28.75</td>\n      <td>28.87</td>\n      <td>28.75</td>\n      <td>28.75</td>\n      <td>117258400</td>\n      <td>0.45</td>\n    </tr>\n    <tr>\n      <th>1980-12-15</th>\n      <td>27.38</td>\n      <td>27.38</td>\n      <td>27.25</td>\n      <td>27.25</td>\n      <td>43971200</td>\n      <td>0.42</td>\n    </tr>\n    <tr>\n      <th>1980-12-16</th>\n      <td>25.37</td>\n      <td>25.37</td>\n      <td>25.25</td>\n      <td>25.25</td>\n      <td>26432000</td>\n      <td>0.39</td>\n    </tr>\n    <tr>\n      <th>1980-12-17</th>\n      <td>25.87</td>\n      <td>26.00</td>\n      <td>25.87</td>\n      <td>25.87</td>\n      <td>21610400</td>\n      <td>0.40</td>\n    </tr>\n    <tr>\n      <th>1980-12-18</th>\n      <td>26.63</td>\n      <td>26.75</td>\n      <td>26.63</td>\n      <td>26.63</td>\n      <td>18362400</td>\n      <td>0.41</td>\n    </tr>\n    <tr>\n      <th>...</th>\n      <td>...</td>\n      <td>...</td>\n      <td>...</td>\n      <td>...</td>\n      <td>...</td>\n      <td>...</td>\n    </tr>\n    <tr>\n      <th>2014-07-01</th>\n      <td>93.52</td>\n      <td>94.07</td>\n      <td>93.13</td>\n      <td>93.52</td>\n      <td>38170200</td>\n      <td>93.52</td>\n    </tr>\n    <tr>\n      <th>2014-07-02</th>\n      <td>93.87</td>\n      <td>94.06</td>\n      <td>93.09</td>\n      <td>93.48</td>\n      <td>28420900</td>\n      <td>93.48</td>\n    </tr>\n    <tr>\n      <th>2014-07-03</th>\n      <td>93.67</td>\n      <td>94.10</td>\n      <td>93.20</td>\n      <td>94.03</td>\n      <td>22891800</td>\n      <td>94.03</td>\n    </tr>\n    <tr>\n      <th>2014-07-07</th>\n      <td>94.14</td>\n      <td>95.99</td>\n      <td>94.10</td>\n      <td>95.97</td>\n      <td>56305400</td>\n      <td>95.97</td>\n    </tr>\n    <tr>\n      <th>2014-07-08</th>\n      <td>96.27</td>\n      <td>96.80</td>\n      <td>93.92</td>\n      <td>95.35</td>\n      <td>65130000</td>\n      <td>95.35</td>\n    </tr>\n  </tbody>\n</table>\n<p>8465 rows × 6 columns</p>\n</div>"
     },
     "metadata": {},
     "execution_count": 19
    }
   ],
   "source": [
    "apple.groupby('Date').sum()"
   ]
  },
  {
   "cell_type": "code",
   "execution_count": null,
   "metadata": {},
   "outputs": [],
   "source": [
    "#Como el número de filas despues de agrupar por la columna Date es igual que el de la tabla inicial"
   ]
  },
  {
   "cell_type": "markdown",
   "metadata": {},
   "source": [
    "### Step 8.  Ops...it seems the index is from the most recent date. Make the first entry the oldest date."
   ]
  },
  {
   "cell_type": "code",
   "execution_count": 24,
   "metadata": {},
   "outputs": [
    {
     "output_type": "execute_result",
     "data": {
      "text/plain": "             Open   High    Low  Close     Volume  Adj Close\nDate                                                        \n1980-12-12  28.75  28.87  28.75  28.75  117258400       0.45\n1980-12-15  27.38  27.38  27.25  27.25   43971200       0.42\n1980-12-16  25.37  25.37  25.25  25.25   26432000       0.39\n1980-12-17  25.87  26.00  25.87  25.87   21610400       0.40\n1980-12-18  26.63  26.75  26.63  26.63   18362400       0.41\n...           ...    ...    ...    ...        ...        ...\n2014-07-01  93.52  94.07  93.13  93.52   38170200      93.52\n2014-07-02  93.87  94.06  93.09  93.48   28420900      93.48\n2014-07-03  93.67  94.10  93.20  94.03   22891800      94.03\n2014-07-07  94.14  95.99  94.10  95.97   56305400      95.97\n2014-07-08  96.27  96.80  93.92  95.35   65130000      95.35\n\n[8465 rows x 6 columns]",
      "text/html": "<div>\n<style scoped>\n    .dataframe tbody tr th:only-of-type {\n        vertical-align: middle;\n    }\n\n    .dataframe tbody tr th {\n        vertical-align: top;\n    }\n\n    .dataframe thead th {\n        text-align: right;\n    }\n</style>\n<table border=\"1\" class=\"dataframe\">\n  <thead>\n    <tr style=\"text-align: right;\">\n      <th></th>\n      <th>Open</th>\n      <th>High</th>\n      <th>Low</th>\n      <th>Close</th>\n      <th>Volume</th>\n      <th>Adj Close</th>\n    </tr>\n    <tr>\n      <th>Date</th>\n      <th></th>\n      <th></th>\n      <th></th>\n      <th></th>\n      <th></th>\n      <th></th>\n    </tr>\n  </thead>\n  <tbody>\n    <tr>\n      <th>1980-12-12</th>\n      <td>28.75</td>\n      <td>28.87</td>\n      <td>28.75</td>\n      <td>28.75</td>\n      <td>117258400</td>\n      <td>0.45</td>\n    </tr>\n    <tr>\n      <th>1980-12-15</th>\n      <td>27.38</td>\n      <td>27.38</td>\n      <td>27.25</td>\n      <td>27.25</td>\n      <td>43971200</td>\n      <td>0.42</td>\n    </tr>\n    <tr>\n      <th>1980-12-16</th>\n      <td>25.37</td>\n      <td>25.37</td>\n      <td>25.25</td>\n      <td>25.25</td>\n      <td>26432000</td>\n      <td>0.39</td>\n    </tr>\n    <tr>\n      <th>1980-12-17</th>\n      <td>25.87</td>\n      <td>26.00</td>\n      <td>25.87</td>\n      <td>25.87</td>\n      <td>21610400</td>\n      <td>0.40</td>\n    </tr>\n    <tr>\n      <th>1980-12-18</th>\n      <td>26.63</td>\n      <td>26.75</td>\n      <td>26.63</td>\n      <td>26.63</td>\n      <td>18362400</td>\n      <td>0.41</td>\n    </tr>\n    <tr>\n      <th>...</th>\n      <td>...</td>\n      <td>...</td>\n      <td>...</td>\n      <td>...</td>\n      <td>...</td>\n      <td>...</td>\n    </tr>\n    <tr>\n      <th>2014-07-01</th>\n      <td>93.52</td>\n      <td>94.07</td>\n      <td>93.13</td>\n      <td>93.52</td>\n      <td>38170200</td>\n      <td>93.52</td>\n    </tr>\n    <tr>\n      <th>2014-07-02</th>\n      <td>93.87</td>\n      <td>94.06</td>\n      <td>93.09</td>\n      <td>93.48</td>\n      <td>28420900</td>\n      <td>93.48</td>\n    </tr>\n    <tr>\n      <th>2014-07-03</th>\n      <td>93.67</td>\n      <td>94.10</td>\n      <td>93.20</td>\n      <td>94.03</td>\n      <td>22891800</td>\n      <td>94.03</td>\n    </tr>\n    <tr>\n      <th>2014-07-07</th>\n      <td>94.14</td>\n      <td>95.99</td>\n      <td>94.10</td>\n      <td>95.97</td>\n      <td>56305400</td>\n      <td>95.97</td>\n    </tr>\n    <tr>\n      <th>2014-07-08</th>\n      <td>96.27</td>\n      <td>96.80</td>\n      <td>93.92</td>\n      <td>95.35</td>\n      <td>65130000</td>\n      <td>95.35</td>\n    </tr>\n  </tbody>\n</table>\n<p>8465 rows × 6 columns</p>\n</div>"
     },
     "metadata": {},
     "execution_count": 24
    }
   ],
   "source": [
    "reversed_apple = apple.iloc[::-1]\n",
    "reversed_apple"
   ]
  },
  {
   "cell_type": "markdown",
   "metadata": {},
   "source": [
    "### Step 9. Get the last business day of each month"
   ]
  },
  {
   "cell_type": "code",
   "execution_count": 27,
   "metadata": {
    "collapsed": false
   },
   "outputs": [
    {
     "output_type": "execute_result",
     "data": {
      "text/plain": "            Open  High  Low  Close  Volume  Adj Close\nDate                                                 \n1980-12-12     1     1    1      1       1          1\n1980-12-15     1     1    1      1       1          1\n1980-12-16     1     1    1      1       1          1\n1980-12-17     1     1    1      1       1          1\n1980-12-18     1     1    1      1       1          1\n...          ...   ...  ...    ...     ...        ...\n2014-07-01     1     1    1      1       1          1\n2014-07-02     1     1    1      1       1          1\n2014-07-03     1     1    1      1       1          1\n2014-07-07     1     1    1      1       1          1\n2014-07-08     1     1    1      1       1          1\n\n[8465 rows x 6 columns]",
      "text/html": "<div>\n<style scoped>\n    .dataframe tbody tr th:only-of-type {\n        vertical-align: middle;\n    }\n\n    .dataframe tbody tr th {\n        vertical-align: top;\n    }\n\n    .dataframe thead th {\n        text-align: right;\n    }\n</style>\n<table border=\"1\" class=\"dataframe\">\n  <thead>\n    <tr style=\"text-align: right;\">\n      <th></th>\n      <th>Open</th>\n      <th>High</th>\n      <th>Low</th>\n      <th>Close</th>\n      <th>Volume</th>\n      <th>Adj Close</th>\n    </tr>\n    <tr>\n      <th>Date</th>\n      <th></th>\n      <th></th>\n      <th></th>\n      <th></th>\n      <th></th>\n      <th></th>\n    </tr>\n  </thead>\n  <tbody>\n    <tr>\n      <th>1980-12-12</th>\n      <td>1</td>\n      <td>1</td>\n      <td>1</td>\n      <td>1</td>\n      <td>1</td>\n      <td>1</td>\n    </tr>\n    <tr>\n      <th>1980-12-15</th>\n      <td>1</td>\n      <td>1</td>\n      <td>1</td>\n      <td>1</td>\n      <td>1</td>\n      <td>1</td>\n    </tr>\n    <tr>\n      <th>1980-12-16</th>\n      <td>1</td>\n      <td>1</td>\n      <td>1</td>\n      <td>1</td>\n      <td>1</td>\n      <td>1</td>\n    </tr>\n    <tr>\n      <th>1980-12-17</th>\n      <td>1</td>\n      <td>1</td>\n      <td>1</td>\n      <td>1</td>\n      <td>1</td>\n      <td>1</td>\n    </tr>\n    <tr>\n      <th>1980-12-18</th>\n      <td>1</td>\n      <td>1</td>\n      <td>1</td>\n      <td>1</td>\n      <td>1</td>\n      <td>1</td>\n    </tr>\n    <tr>\n      <th>...</th>\n      <td>...</td>\n      <td>...</td>\n      <td>...</td>\n      <td>...</td>\n      <td>...</td>\n      <td>...</td>\n    </tr>\n    <tr>\n      <th>2014-07-01</th>\n      <td>1</td>\n      <td>1</td>\n      <td>1</td>\n      <td>1</td>\n      <td>1</td>\n      <td>1</td>\n    </tr>\n    <tr>\n      <th>2014-07-02</th>\n      <td>1</td>\n      <td>1</td>\n      <td>1</td>\n      <td>1</td>\n      <td>1</td>\n      <td>1</td>\n    </tr>\n    <tr>\n      <th>2014-07-03</th>\n      <td>1</td>\n      <td>1</td>\n      <td>1</td>\n      <td>1</td>\n      <td>1</td>\n      <td>1</td>\n    </tr>\n    <tr>\n      <th>2014-07-07</th>\n      <td>1</td>\n      <td>1</td>\n      <td>1</td>\n      <td>1</td>\n      <td>1</td>\n      <td>1</td>\n    </tr>\n    <tr>\n      <th>2014-07-08</th>\n      <td>1</td>\n      <td>1</td>\n      <td>1</td>\n      <td>1</td>\n      <td>1</td>\n      <td>1</td>\n    </tr>\n  </tbody>\n</table>\n<p>8465 rows × 6 columns</p>\n</div>"
     },
     "metadata": {},
     "execution_count": 27
    }
   ],
   "source": []
  },
  {
   "cell_type": "markdown",
   "metadata": {},
   "source": [
    "### Step 10.  What is the difference in days between the first day and the oldest"
   ]
  },
  {
   "cell_type": "code",
   "execution_count": null,
   "metadata": {
    "collapsed": false
   },
   "outputs": [],
   "source": []
  },
  {
   "cell_type": "markdown",
   "metadata": {},
   "source": [
    "### Step 11.  How many months in the data we have?"
   ]
  },
  {
   "cell_type": "code",
   "execution_count": null,
   "metadata": {
    "collapsed": false
   },
   "outputs": [],
   "source": []
  },
  {
   "cell_type": "markdown",
   "metadata": {},
   "source": [
    "### Step 12. Plot the 'Adj Close' value. Set the size of the figure to 13.5 x 9 inches"
   ]
  },
  {
   "cell_type": "code",
   "execution_count": null,
   "metadata": {
    "collapsed": false
   },
   "outputs": [],
   "source": []
  },
  {
   "cell_type": "markdown",
   "metadata": {},
   "source": [
    "### BONUS: Create your own question and answer it."
   ]
  },
  {
   "cell_type": "code",
   "execution_count": null,
   "metadata": {
    "collapsed": true
   },
   "outputs": [],
   "source": []
  }
 ],
 "metadata": {
  "anaconda-cloud": {},
  "kernelspec": {
   "display_name": "Python 3.8.3 32-bit",
   "language": "python",
   "name": "python38332bit5edbb3147ffc42338a55d41c588604cf"
  },
  "language_info": {
   "codemirror_mode": {
    "name": "ipython",
    "version": 2
   },
   "file_extension": ".py",
   "mimetype": "text/x-python",
   "name": "python",
   "nbconvert_exporter": "python",
   "pygments_lexer": "ipython2",
   "version": "3.8.3-final"
  }
 },
 "nbformat": 4,
 "nbformat_minor": 0
}